Runtimes
18
6
6
6
6
6
6
6
6
6
6
6
6
6
6
6
6
7
6
7
6
6
6
20
8
6
6
6
6
6
3
6
6
2
7
6
6
6
6
6
6
6
6
6
6
6
6
6
6
6
6
6
6
6
6
6
6
7
7
6
6
6
7
6
6
6
7
6
6
6
7
7
6
6
6
6
6
13
12
6
6
6
21
10
9
9
2
6
6
6
6
6
6
7
6
9
7
7
11
6
9
7
6
6
6
6
6
6
6
6
6
6
6
6
6
6
6
6
6
6
6
7
6
6
6
6
7
6
8
6
6
6
6
6
6
6
6
6
7
7
6
6
6
6
6
6
6
6
6
8
6
6
6
6
6
7
6
6
7
6
6
6
6
6
6
6
1
13
6
8
6
6
9
6
6
6
6
7
6
6
6
6
6
6
6
6
6
6
6
6
6
6
6
6
7
6
6
7
6
6
6
6
6
7
6
6
6
6
6
7
6
6
7
6
6
6
6
6
6
6
6
6
6
7
6
5
6
6
6
6
6
6
6
6
6
7
6
6
7
6
6
6
7
6
6
6
6
6
6
6
6
6
6
6
6
6
6
6
6
6
14
6
6
6
6
6
6
7
7
6
7
6
7
7
8
9
8
7
6
9
6
7
8
14
11
10
9
7
7
7
6
7
6
6
6
7
6
6
6
6
7
14
6
7
6
6
6
6
6
6
10
7
8
10
9
2
6
6
6
6
6
6
6
6
7
6
6
6
6
6
6
6
6
7
6
5
6
9
6
6
7
6
6
7
6
7
6
6
7
7
6
6
6
6
6
6
6
6
6
13
1
15
9
8
9
9
9
10
7
8
8
8
9
8
7
7
7
6
7
6
6
6
24
6
6
6
6
6
6
10
6
6
6
6
8
7
6
5
6
6
6
6
6
7
8
7
3
6
6
7
7
7
7
6
6
7
6
6
6
6
6
6
6
6
6
6
6
6
9
17
14
17
12
15
28
7
8
7
7
8
12
7
6
5
